[b]
mu = 17.0317790608
sigma = 6.27106085287
games = 3
wins = 1
losses = 2

[a]
mu = 32.9682209392
sigma = 6.27106085287
games = 3
wins = 2
losses = 1

[c]
mu = 9.73906325741
sigma = 6.27106085287
games = 3
wins = 0
losses = 3

[larry]
mu = 30.6234333015
sigma = 7.47505411455
games = 1
wins = 1
losses = 0

